{
 "cells": [
  {
   "cell_type": "markdown",
   "id": "c14286d2",
   "metadata": {},
   "source": [
    "### Toy semantic search: embed 20 sentences, find the most similar to a query."
   ]
  },
  {
   "cell_type": "markdown",
   "id": "b6fb42bf",
   "metadata": {},
   "source": [
    "#### Embedding choice: TF-IDF (via sklearn) rather than a neural embedding model.\n",
    "#### Why: it needs no model download / internet access, runs instantly, and is the classic pre-transformer way search engines did this — great for learning the mechanics before you swap in real embeddings later (see the \"upgrade path\" note at the bottom of this file)."
   ]
  },
  {
   "cell_type": "code",
   "execution_count": 27,
   "id": "236fd024",
   "metadata": {},
   "outputs": [],
   "source": [
    "from sentence_transformers import SentenceTransformer"
   ]
  },
  {
   "cell_type": "code",
   "execution_count": 28,
   "id": "5e26fca4",
   "metadata": {},
   "outputs": [
    {
     "name": "stderr",
     "output_type": "stream",
     "text": [
      "Loading weights: 100%|██████████| 103/103 [00:00<00:00, 5871.26it/s]\n"
     ]
    }
   ],
   "source": [
    "# 1. Load a pretrained Sentence Transformer model\n",
    "model = SentenceTransformer(\"all-MiniLM-L6-v2\")"
   ]
  },
  {
   "cell_type": "code",
   "execution_count": 29,
   "id": "ec009e48",
   "metadata": {},
   "outputs": [],
   "source": [
    "# The sentences to encode\n",
    "sentences = [\n",
    "    \"The cat sat quietly on the warm windowsill.\",\n",
    "    \"Dogs are loyal companions and love to play fetch.\",\n",
    "    \"The stock market rallied after the interest rate cut.\",\n",
    "    \"She booked a flight to Tokyo for the cherry blossom season.\",\n",
    "    \"The chef added fresh basil to the tomato sauce.\",\n",
    "    \"Quantum computers use qubits instead of classical bits.\",\n",
    "    \"He fixed the leaking faucet in the kitchen last night.\",\n",
    "    \"The soccer team won the championship in overtime.\",\n",
    "    \"Rising inflation is squeezing household budgets this year.\",\n",
    "    \"The novel's plot twist surprised every reader.\",\n",
    "    \"Astronauts conducted a spacewalk to repair the solar panel.\",\n",
    "    \"My grandmother bakes the best apple pie every autumn.\",\n",
    "    \"The startup raised a new round of venture funding.\",\n",
    "    \"A gentle rain fell over the quiet mountain village.\",\n",
    "    \"The professor explained neural networks with a whiteboard diagram.\",\n",
    "    \"The puppy chased its tail around the living room.\",\n",
    "    \"Central banks are watching inflation data closely.\",\n",
    "    \"The hikers reached the summit just before sunset.\",\n",
    "    \"The orchestra performed a moving symphony at the concert hall.\",\n",
    "    \"Researchers trained a language model on billions of words.\",\n",
    "]"
   ]
  },
  {
   "cell_type": "code",
   "execution_count": 30,
   "id": "ed5b813a",
   "metadata": {},
   "outputs": [
    {
     "name": "stdout",
     "output_type": "stream",
     "text": [
      "(20, 384)\n"
     ]
    }
   ],
   "source": [
    "# 2. Calculate embeddings by calling model.encode()\n",
    "embeddings = model.encode(sentences)\n",
    "print(embeddings.shape)"
   ]
  },
  {
   "cell_type": "code",
   "execution_count": 31,
   "id": "8354461c",
   "metadata": {},
   "outputs": [
    {
     "name": "stdout",
     "output_type": "stream",
     "text": [
      "tensor([[ 1.0000e+00,  1.3361e-01,  4.6687e-02, -7.9827e-02,  5.2311e-02,\n",
      "          1.6106e-02,  4.6901e-02,  1.0546e-01, -8.0409e-02,  7.0095e-02,\n",
      "          7.8516e-02,  3.5459e-02, -7.0789e-02,  2.3777e-01, -4.6291e-02,\n",
      "          2.1718e-01, -3.8249e-02, -8.2074e-02,  1.3186e-01,  5.7750e-02],\n",
      "        [ 1.3361e-01,  1.0000e+00,  8.8965e-02,  5.7644e-02,  5.4482e-02,\n",
      "          3.8120e-02,  2.2027e-02,  8.2627e-03, -7.5860e-02,  1.4625e-01,\n",
      "         -8.7400e-02,  1.3571e-01,  5.3124e-03,  1.9508e-02,  4.5211e-02,\n",
      "          2.5892e-01, -4.3055e-02,  6.7033e-02,  1.6269e-02,  8.4262e-02],\n",
      "        [ 4.6687e-02,  8.8965e-02,  1.0000e+00, -2.1216e-02, -8.2693e-04,\n",
      "          8.6460e-02,  3.2983e-02,  1.0130e-01,  1.5895e-01,  9.8583e-02,\n",
      "          3.5875e-02, -3.7849e-02,  2.1684e-01,  9.1229e-02, -3.1329e-03,\n",
      "          1.1712e-01,  2.7670e-01,  1.3945e-01,  1.6724e-02, -3.7203e-02],\n",
      "        [-7.9827e-02,  5.7644e-02, -2.1216e-02,  1.0000e+00,  1.9094e-01,\n",
      "         -1.5154e-02,  8.4012e-02,  2.2881e-02, -1.9131e-03,  1.0636e-01,\n",
      "          7.7532e-02,  2.2843e-01,  7.2198e-02,  3.9234e-02, -1.8155e-02,\n",
      "          5.1538e-02, -2.5025e-02,  1.5418e-01,  7.5418e-02,  1.7762e-02],\n",
      "        [ 5.2311e-02,  5.4482e-02, -8.2693e-04,  1.9094e-01,  1.0000e+00,\n",
      "          2.8242e-02,  2.1518e-01,  1.1830e-01, -2.4482e-02,  1.2831e-01,\n",
      "          8.1267e-02,  9.0750e-02,  1.2940e-01,  1.8770e-02,  1.3106e-01,\n",
      "         -1.5440e-02, -6.8300e-02,  1.2587e-02,  1.1639e-01,  4.6055e-02],\n",
      "        [ 1.6106e-02,  3.8120e-02,  8.6460e-02, -1.5154e-02,  2.8242e-02,\n",
      "          1.0000e+00,  1.0481e-01,  3.6481e-03,  5.6528e-02,  8.8531e-03,\n",
      "         -6.7228e-03,  1.1337e-01, -2.4723e-02, -5.5074e-02,  1.7703e-01,\n",
      "          1.5905e-02,  5.8761e-02, -5.2459e-02,  2.4963e-02,  1.1105e-01],\n",
      "        [ 4.6901e-02,  2.2027e-02,  3.2983e-02,  8.4012e-02,  2.1518e-01,\n",
      "          1.0481e-01,  1.0000e+00,  5.0486e-02,  1.6535e-01,  1.7674e-01,\n",
      "          1.1390e-01,  7.7208e-02,  7.2836e-02, -3.6574e-03,  1.0444e-01,\n",
      "          1.2718e-01,  6.4628e-02, -4.3197e-02,  6.9370e-02,  9.2760e-03],\n",
      "        [ 1.0546e-01,  8.2627e-03,  1.0130e-01,  2.2881e-02,  1.1830e-01,\n",
      "          3.6481e-03,  5.0486e-02,  1.0000e+00, -9.6729e-02,  6.7522e-02,\n",
      "          3.6653e-02, -5.2297e-03, -7.1359e-02, -8.7007e-03,  1.3579e-02,\n",
      "          1.5309e-02, -2.6924e-02,  6.0191e-02,  1.5219e-01,  3.1067e-02],\n",
      "        [-8.0409e-02, -7.5860e-02,  1.5895e-01, -1.9131e-03, -2.4482e-02,\n",
      "          5.6528e-02,  1.6535e-01, -9.6729e-02,  1.0000e+00,  9.5677e-02,\n",
      "         -5.1080e-02,  5.1895e-02,  1.6248e-01, -7.2755e-02, -6.7805e-02,\n",
      "          3.3317e-02,  4.3639e-01, -8.3509e-02, -6.8440e-02,  3.8893e-02],\n",
      "        [ 7.0095e-02,  1.4625e-01,  9.8583e-02,  1.0636e-01,  1.2831e-01,\n",
      "          8.8531e-03,  1.7674e-01,  6.7522e-02,  9.5677e-02,  1.0000e+00,\n",
      "          1.9938e-02,  7.3746e-02,  7.2580e-02,  1.1052e-01,  1.3954e-01,\n",
      "          6.9079e-02,  8.2842e-02,  3.8081e-02, -4.8123e-02,  1.1710e-01],\n",
      "        [ 7.8516e-02, -8.7400e-02,  3.5875e-02,  7.7532e-02,  8.1267e-02,\n",
      "         -6.7228e-03,  1.1390e-01,  3.6653e-02, -5.1080e-02,  1.9938e-02,\n",
      "          1.0000e+00, -1.9560e-02,  2.5597e-02, -2.4676e-02,  6.9344e-02,\n",
      "         -4.0872e-02, -2.6937e-03,  2.1541e-01,  1.0775e-01,  1.1161e-01],\n",
      "        [ 3.5459e-02,  1.3571e-01, -3.7849e-02,  2.2843e-01,  9.0750e-02,\n",
      "          1.1337e-01,  7.7208e-02, -5.2297e-03,  5.1895e-02,  7.3746e-02,\n",
      "         -1.9560e-02,  1.0000e+00, -3.7851e-02,  4.1810e-02, -1.4903e-02,\n",
      "         -5.0090e-03, -5.9520e-02,  5.4284e-02, -5.9026e-02,  4.5851e-02],\n",
      "        [-7.0789e-02,  5.3124e-03,  2.1684e-01,  7.2198e-02,  1.2940e-01,\n",
      "         -2.4723e-02,  7.2836e-02, -7.1359e-02,  1.6248e-01,  7.2580e-02,\n",
      "          2.5597e-02, -3.7851e-02,  1.0000e+00, -4.4412e-02,  5.6467e-03,\n",
      "          3.9008e-02,  1.0233e-01,  1.2998e-01, -1.0097e-01,  5.6975e-02],\n",
      "        [ 2.3777e-01,  1.9508e-02,  9.1229e-02,  3.9234e-02,  1.8770e-02,\n",
      "         -5.5074e-02, -3.6574e-03, -8.7007e-03, -7.2755e-02,  1.1052e-01,\n",
      "         -2.4676e-02,  4.1810e-02, -4.4412e-02,  1.0000e+00, -1.2284e-01,\n",
      "          3.8144e-02, -8.3804e-02,  2.2995e-01, -1.2612e-01, -6.5859e-03],\n",
      "        [-4.6291e-02,  4.5211e-02, -3.1329e-03, -1.8155e-02,  1.3106e-01,\n",
      "          1.7703e-01,  1.0444e-01,  1.3579e-02, -6.7805e-02,  1.3954e-01,\n",
      "          6.9344e-02, -1.4903e-02,  5.6467e-03, -1.2284e-01,  1.0000e+00,\n",
      "          2.9010e-02,  8.8879e-02, -5.4778e-03,  4.4253e-02,  3.2306e-01],\n",
      "        [ 2.1718e-01,  2.5892e-01,  1.1712e-01,  5.1538e-02, -1.5440e-02,\n",
      "          1.5905e-02,  1.2718e-01,  1.5309e-02,  3.3317e-02,  6.9079e-02,\n",
      "         -4.0872e-02, -5.0090e-03,  3.9008e-02,  3.8144e-02,  2.9010e-02,\n",
      "          1.0000e+00,  2.0413e-02, -6.9876e-02,  2.0769e-01,  2.7541e-03],\n",
      "        [-3.8249e-02, -4.3055e-02,  2.7670e-01, -2.5025e-02, -6.8300e-02,\n",
      "          5.8761e-02,  6.4628e-02, -2.6924e-02,  4.3639e-01,  8.2842e-02,\n",
      "         -2.6937e-03, -5.9520e-02,  1.0233e-01, -8.3804e-02,  8.8879e-02,\n",
      "          2.0413e-02,  1.0000e+00,  6.4892e-02,  4.1754e-02,  4.2730e-02],\n",
      "        [-8.2074e-02,  6.7033e-02,  1.3945e-01,  1.5418e-01,  1.2587e-02,\n",
      "         -5.2459e-02, -4.3197e-02,  6.0191e-02, -8.3509e-02,  3.8081e-02,\n",
      "          2.1541e-01,  5.4284e-02,  1.2998e-01,  2.2995e-01, -5.4778e-03,\n",
      "         -6.9876e-02,  6.4892e-02,  1.0000e+00, -1.0399e-01,  1.7474e-02],\n",
      "        [ 1.3186e-01,  1.6269e-02,  1.6724e-02,  7.5418e-02,  1.1639e-01,\n",
      "          2.4963e-02,  6.9370e-02,  1.5219e-01, -6.8440e-02, -4.8123e-02,\n",
      "          1.0775e-01, -5.9026e-02, -1.0097e-01, -1.2612e-01,  4.4253e-02,\n",
      "          2.0769e-01,  4.1754e-02, -1.0399e-01,  1.0000e+00, -4.8035e-02],\n",
      "        [ 5.7750e-02,  8.4262e-02, -3.7203e-02,  1.7762e-02,  4.6055e-02,\n",
      "          1.1105e-01,  9.2760e-03,  3.1067e-02,  3.8893e-02,  1.1710e-01,\n",
      "          1.1161e-01,  4.5851e-02,  5.6975e-02, -6.5859e-03,  3.2306e-01,\n",
      "          2.7541e-03,  4.2730e-02,  1.7474e-02, -4.8035e-02,  1.0000e+00]])\n"
     ]
    }
   ],
   "source": [
    "# 3. Calculate the embedding similarities\n",
    "similarities = model.similarity(embeddings, embeddings)\n",
    "print(similarities)"
   ]
  },
  {
   "cell_type": "code",
   "execution_count": 32,
   "id": "aa02ec6b",
   "metadata": {},
   "outputs": [],
   "source": [
    "# query = \"How do rising interest rates affect the economy?\"\n",
    "\n",
    "query = \"How can i know that the interest rates are rising?\""
   ]
  },
  {
   "cell_type": "code",
   "execution_count": 33,
   "id": "4804e89b",
   "metadata": {},
   "outputs": [],
   "source": [
    "# 1. Fit TF-IDF on the sentence collection, then embed the query with the\n",
    "#    SAME vectorizer so it lands in the same vector space.\n",
    "# Note: no stop-word list here — sklearn's default English list is quite\n",
    "# aggressive (it drops words like \"interest\"), which would zero out overlap\n",
    "# on a corpus this small. On a bigger corpus you'd normally keep it.\n",
    "import numpy as np\n",
    "from sklearn.feature_extraction.text import TfidfVectorizer\n",
    "vectorizer = TfidfVectorizer()\n",
    "# 1. Fit TF-IDF on the sentence collection, then embed the query with the\n",
    "#    SAME vectorizer so it lands in the same vector space.\n",
    "# Note: no stop-word list here — sklearn's default English list is quite\n",
    "# aggressive (it drops words like \"interest\"), which would zero out overlap\n",
    "# on a corpus this small. On a bigger corpus you'd normally keep it.\n",
    "vectorizer = TfidfVectorizer()\n",
    "sentence_vectors = vectorizer.fit_transform(sentences)\n",
    "query_vector = vectorizer.transform([query])\n",
    "query_vector = vectorizer.transform([query])"
   ]
  },
  {
   "cell_type": "code",
   "execution_count": 34,
   "id": "265325d1",
   "metadata": {},
   "outputs": [],
   "source": [
    "from sklearn.metrics.pairwise import cosine_similarity\n",
    "\n",
    "# 2. Compare the query against every sentence with cosine similarity.\n",
    "similarities = cosine_similarity(query_vector, sentence_vectors)[0]"
   ]
  },
  {
   "cell_type": "code",
   "execution_count": 35,
   "id": "49bbe23d",
   "metadata": {},
   "outputs": [],
   "source": [
    "# 3. Rank and show the top results.\n",
    "top_k = 5\n",
    "ranked_idx = np.argsort(-similarities)[:top_k]"
   ]
  },
  {
   "cell_type": "code",
   "execution_count": 36,
   "id": "3c984ca6",
   "metadata": {},
   "outputs": [
    {
     "name": "stdout",
     "output_type": "stream",
     "text": [
      "Query: 'How can i know that the interest rates are rising?'\n",
      "\n",
      "Top 5 most similar sentences:\n",
      "\n",
      "1. (0.274) The stock market rallied after the interest rate cut.\n",
      "2. (0.210) Rising inflation is squeezing household budgets this year.\n",
      "3. (0.177) Central banks are watching inflation data closely.\n",
      "4. (0.157) Dogs are loyal companions and love to play fetch.\n",
      "5. (0.067) The cat sat quietly on the warm windowsill.\n"
     ]
    }
   ],
   "source": [
    "print(f\"Query: {query!r}\\n\")\n",
    "print(f\"Top {top_k} most similar sentences:\\n\")\n",
    "for rank, idx in enumerate(ranked_idx, start=1):\n",
    "    print(f\"{rank}. ({similarities[idx]:.3f}) {sentences[idx]}\")"
   ]
  }
 ],
 "metadata": {
  "kernelspec": {
   "display_name": "Python 3",
   "language": "python",
   "name": "python3"
  },
  "language_info": {
   "codemirror_mode": {
    "name": "ipython",
    "version": 3
   },
   "file_extension": ".py",
   "mimetype": "text/x-python",
   "name": "python",
   "nbconvert_exporter": "python",
   "pygments_lexer": "ipython3",
   "version": "3.11.4"
  }
 },
 "nbformat": 4,
 "nbformat_minor": 5
}
